3,2
3,1
3,3
10,285
10,293
10,155
10,191
10,247
10,211
10,1
10,197
10,2
10,3
11,27
11,15
11,13
11,21
11,1
11,25
11,2
11,3
9,7
9,1
9,5
9,2
9,3
8,18
8,5
8,15
8,7
8,11
8,1
8,8
8,2
8,3
12,2
12,1
12,3
20,2
20,1
20,3
250,4
250,3
19,2
250,2
19,1
250,1
19,3
250,0
246,4
246,3
246,2
246,1
246,0
243,4
243,3
243,2
243,1
243,0
240,4
240,3
240,2
240,1
240,0
239,4
239,3
239,2
239,1
239,0
238,3
238,2
238,1
238,0
237,5
237,4
237,3
237,2
18,1
237,1
18,3
237,0
236,4
236,3
236,2
236,1
236,0
14,1
235,4
14,3
235,3
235,2
13,1
235,1
13,3
235,0
234,4
234,3
234,2
234,1
234,0
233,3
233,2
233,1
233,0
2,2
2,1
2,3
0,0
251,34
251,33
